[9.70461826e-08 2.73919483e-07 1.40680845e-08 5.78714632e-09
 5.66701146e-06 9.02204107e-08 1.19638372e-07 2.92321634e-09
 3.53986103e-08 9.80305490e-11 1.19185117e-09 8.90473528e-10
 2.20409557e-08 3.34907035e-08 1.11367120e-08 1.07588150e-09
 3.80582704e-10 7.00746738e-10 7.51610510e-11 5.50948798e-09
 4.17249901e-10 2.27910038e-10 8.72104309e-08 4.44876891e-09
 8.50355272e-11 2.08551648e-10 5.69179859e-09 2.47944443e-09
 6.41355580e-11 1.21407363e-11 4.43130643e-09 5.80467429e-07
 1.71097650e-10 1.79434852e-12 1.10855281e-05 1.91952631e-06
 2.00778530e-07 5.18980130e-07 1.08407995e-07 3.58476591e-08
 9.45982848e-09 2.18889951e-07 1.20582222e-09 1.21332477e-09
 1.59578531e-10 4.68877595e-08 5.24678683e-07 1.35608566e-10
 1.12999984e-07 3.48176954e-09 2.54889339e-04 3.37510102e-07
 2.71350000e-08 1.78902795e-08 2.54412713e-09 1.96295215e-12
 4.87812946e-09 3.43158890e-10 1.04303077e-09 1.25967375e-10
 3.54441754e-10 4.19959356e-08 3.91822219e-09 7.11828096e-10
 6.86640533e-07 5.78769832e-09 4.21126245e-09 1.52627581e-11
 1.30879849e-08 1.33412792e-09 1.37607676e-08 1.49397451e-07
 1.37916949e-08 1.56973456e-08 2.17091696e-07 2.87577251e-09
 8.46629433e-08 1.89210292e-09 2.52679274e-05 1.31068750e-11
 4.94098817e-10 3.35556194e-07 7.35207095e-07 4.74938489e-09
 5.21489838e-08 1.45818335e-08 6.55910355e-07 1.48721053e-11
 3.24241500e-09 4.88343836e-08 3.69679354e-09 6.04312520e-12
 4.66392613e-08 5.30899456e-07 1.23466295e-08 2.28857461e-10
 3.36470585e-08 2.19527990e-07 6.47456631e-08 1.30626898e-09
 2.30226327e-08 4.94509720e-07 1.16670356e-06 3.03183567e-09
 7.34957197e-08 1.92125344e-06 1.64601559e-08 1.77868405e-05
 4.73039080e-07 7.63869856e-09 7.09750081e-09 9.32722966e-09
 1.77802814e-10 6.48515703e-12 3.25644827e-08 9.33071971e-01
 6.65995330e-02][4.4157828e-12 1.2991692e-10 8.1010011e-11 3.8162477e-15 2.5399119e-10
 6.6955458e-13 2.1590126e-12 7.6268922e-16 6.5644962e-11 1.5540559e-15
 2.7052901e-14 5.0335902e-17 2.1672943e-11 4.1456435e-15 1.2691435e-15
 2.8725849e-18 4.4846834e-14 2.0607000e-14 7.5262557e-16 1.8755640e-16
 7.0666028e-14 8.7643168e-15 1.3855853e-14 7.4476786e-18 6.0964853e-15
 1.6272510e-16 7.0991030e-15 4.6684189e-16 2.6977848e-16 1.5409073e-18
 1.0377471e-15 2.8417083e-14 8.5192899e-13 4.3668953e-15 2.2499494e-14
 2.0400933e-11 2.2308822e-14 1.2069723e-13 6.0605709e-14 1.2724011e-11
 1.5161134e-13 1.8480965e-12 1.3867109e-15 1.2078422e-14 5.4391013e-17
 4.4358501e-15 1.2790408e-12 1.1031710e-18 3.2239584e-12 7.3532280e-16
 6.6423832e-11 1.3621363e-13 2.9523668e-15 4.0631650e-15 1.5746773e-18
 4.7988794e-22 3.3839739e-16 2.1500892e-17 1.6009895e-17 3.5945739e-17
 2.0520152e-15 1.4410707e-16 1.1190115e-15 3.6590180e-16 6.6725942e-14
 1.5611081e-16 2.4920861e-15 6.2301171e-15 5.8682776e-16 8.1137108e-15
 8.7252240e-14 1.9279087e-17 5.2238584e-15 1.1162962e-14 2.2378450e-11
 4.0663609e-14 6.9269588e-15 3.5430883e-16 8.4383707e-08 3.4500985e-12
 2.1834268e-14 2.4964465e-13 2.2767472e-12 2.1072104e-15 6.7257842e-15
 4.5003747e-17 1.6614297e-12 1.6238831e-17 2.9141901e-14 6.3845234e-17
 1.9801105e-12 1.0513183e-15 2.3720004e-14 3.2213137e-13 4.2827956e-13
 2.9341878e-16 4.3345323e-15 4.8028178e-14 9.5325115e-13 6.9234117e-17
 2.4244663e-13 1.1668745e-12 5.4083680e-09 4.8508889e-16 1.4111676e-15
 2.7094795e-13 6.8705295e-13 1.0863447e-12 4.1885394e-11 1.8871843e-15
 3.4000982e-15 8.7976494e-14 1.2817920e-10 1.6102643e-15 8.9789565e-14
 9.0092582e-09 9.9999988e-01][7.7311079e-18 3.1830742e-13 1.0820170e-15 1.3119598e-16 4.5437782e-09
 1.6562707e-18 1.5566363e-16 1.2751306e-17 3.0447277e-14 2.1033024e-20
 5.8656982e-18 7.5837441e-18 2.2974745e-14 3.9220990e-22 1.3325584e-17
 9.9539763e-18 3.4332245e-18 1.3929424e-20 2.8494820e-17 2.5981783e-16
 1.7083944e-13 2.6915018e-18 7.6989154e-17 1.8845136e-17 1.0366152e-12
 2.2225495e-18 5.8597303e-17 1.1344232e-17 4.6981450e-17 2.3916234e-20
 5.2424939e-19 4.2368678e-16 5.3229758e-09 1.0072238e-16 3.2200389e-19
 9.0186756e-14 1.6357744e-20 1.4265393e-11 7.1445204e-17 1.0756017e-14
 1.9263219e-16 1.4958280e-14 8.2491463e-18 1.3666847e-18 3.0308240e-20
 1.4673264e-15 5.9619865e-16 3.4183031e-24 3.7207980e-15 9.8672647e-15
 4.1126802e-13 6.6453025e-21 2.4217106e-18 3.2175510e-16 8.5583273e-21
 5.7300992e-27 3.0380951e-19 5.4788344e-17 1.1871450e-14 1.6823369e-22
 6.1002022e-17 9.4341676e-17 1.9947094e-15 1.9109136e-18 1.5712759e-17
 3.2422194e-15 5.9395446e-13 1.5295869e-18 2.1577804e-17 5.7987956e-19
 3.2928933e-19 7.2638638e-19 3.8360355e-17 1.0037219e-16 1.2075396e-12
 4.1505491e-15 3.2980795e-15 1.6128381e-14 1.0000000e+00 2.3052771e-12
 1.6372226e-20 4.1114078e-14 4.7765542e-10 2.0432415e-17 1.8704057e-16
 6.4518646e-21 4.2749919e-14 1.4029862e-17 1.8752843e-17 1.9323549e-18
 1.3299343e-15 2.7941775e-16 2.2159122e-18 2.9115080e-17 9.5741574e-15
 5.2288750e-18 9.6036207e-19 1.4494517e-15 9.2412241e-12 6.5427292e-20
 2.2826539e-18 1.8883810e-14 4.9620108e-10 4.5124237e-18 8.2617787e-17
 4.8662314e-14 3.4790535e-17 1.1634810e-12 9.6232793e-11 1.4444006e-16
 1.0830441e-17 3.0981037e-16 7.4639817e-13 3.8181516e-17 3.5710219e-19
 1.1152949e-16 3.8547651e-11][1.56025835e-17 6.93664917e-11 7.98495905e-12 4.54447701e-17
 2.70925660e-09 2.87072239e-14 1.14348550e-14 1.77723427e-17
 3.59281154e-13 1.54578102e-15 3.52862120e-16 1.58594164e-17
 2.33714030e-15 6.71377626e-14 2.03587101e-15 1.72209398e-18
 5.89579612e-16 1.68256825e-17 1.69652356e-15 6.14065556e-15
 2.88894885e-13 4.10737650e-18 8.09912364e-16 2.45063465e-18
 1.77762454e-13 1.57831010e-13 5.40355967e-17 1.18843236e-16
 9.80128095e-17 1.72244299e-17 1.33609865e-16 2.46395849e-15
 1.89939175e-09 3.69721953e-14 3.82328967e-16 2.43651995e-12
 1.04036864e-15 1.01342037e-13 5.77442107e-16 1.66218263e-13
 1.01455906e-10 1.63057959e-14 1.66260593e-15 9.51012942e-18
 1.03259437e-17 1.26237944e-17 2.04168059e-15 1.54274322e-20
 2.84256939e-14 7.78353451e-16 1.56578282e-13 3.38694793e-17
 8.11666442e-15 7.78226259e-15 4.83926353e-19 8.70203496e-22
 9.02068781e-17 5.63990662e-15 1.05524953e-15 8.67560261e-18
 2.35387100e-12 4.45661727e-15 3.29029181e-16 1.10142447e-16
 1.82005548e-15 2.78658458e-14 9.05685845e-13 2.17122496e-14
 4.08884420e-14 8.73258411e-17 6.43945550e-14 1.41521384e-14
 9.51452456e-17 1.06815750e-14 6.07526529e-11 1.27201253e-11
 4.98805573e-14 2.02619323e-12 3.21618617e-02 2.63066529e-08
 1.19436344e-16 2.66308588e-16 8.78423911e-09 3.15708701e-12
 2.79138914e-17 2.02354611e-21 1.08641979e-14 3.09362106e-12
 1.73971859e-16 1.98545218e-21 7.29215238e-15 4.23776513e-15
 1.67824059e-18 3.88938339e-16 3.64426544e-12 4.14176157e-15
 2.80367376e-16 8.09748674e-16 2.14590110e-10 2.63387923e-15
 7.69899332e-15 8.98175865e-15 1.09209392e-10 3.43636794e-14
 3.16872722e-14 1.70165954e-12 5.55783243e-14 1.33822857e-12
 1.52491714e-10 3.11809687e-13 2.33563630e-13 8.92638578e-16
 1.41762574e-11 5.76537528e-16 1.49676975e-17 1.25457674e-12
 9.67838109e-01][3.45709946e-17 1.37190788e-11 1.26347452e-01 5.23064952e-15
 4.06158773e-10 1.32626852e-12 1.72538134e-12 9.80432060e-16
 1.23416487e-14 1.36668305e-13 5.52289707e-15 1.96957808e-17
 8.89316919e-12 6.35249586e-09 1.05466566e-13 7.65601346e-20
 6.83633244e-14 4.10148868e-12 3.62572082e-16 3.26166028e-14
 9.26203423e-15 2.88715347e-14 1.44385135e-14 8.61658242e-15
 5.87451993e-15 2.01533573e-13 7.75876420e-14 7.09361225e-18
 7.86675398e-18 8.36289097e-15 3.31229587e-15 1.83051579e-14
 1.06363768e-12 7.18850181e-15 9.49683917e-16 5.94061602e-15
 8.14449419e-14 4.99279912e-14 5.20349172e-12 6.51382143e-15
 1.48513133e-13 6.17224608e-15 1.97399361e-13 3.13003069e-15
 4.49901592e-15 3.58941223e-19 8.18562780e-17 1.66178176e-16
 1.03472031e-17 3.82229615e-18 1.28911268e-15 4.54597342e-16
 1.24432740e-16 3.32041077e-19 6.24220600e-18 2.36256977e-17
 7.57678313e-20 6.30755657e-17 2.27490683e-16 4.61673656e-15
 1.65567734e-14 1.44342785e-17 4.09220673e-19 6.57096314e-18
 2.66575312e-14 1.40648828e-17 1.02335387e-14 1.88352602e-13
 3.52593090e-13 4.04447729e-15 2.48505322e-18 1.77576514e-13
 5.75865785e-14 1.22690783e-14 3.60694389e-17 2.10375662e-12
 8.95353453e-13 3.71406118e-12 4.86910179e-10 6.19998636e-11
 8.95829175e-11 3.42106904e-13 3.05459234e-11 1.73772420e-11
 1.57908946e-11 9.80328660e-21 1.12907502e-12 5.34161195e-08
 1.43434190e-12 8.21377527e-18 6.16295286e-15 8.94150259e-13
 3.26991204e-15 4.82656721e-14 3.70162841e-12 3.59026858e-15
 1.23239482e-16 1.64598230e-18 8.13781074e-12 4.66809302e-15
 1.30563744e-15 5.35781670e-15 3.44148993e-12 8.75734728e-12
 2.27329565e-14 1.55340974e-12 2.74363133e-13 2.69314443e-15
 1.00014598e-17 2.84389564e-13 6.86148907e-15 1.31551188e-14
 5.94740132e-13 9.35361857e-12 1.74502353e-16 3.40696269e-14
 8.73652518e-01][2.91203012e-17 6.76478829e-09 1.00000000e+00 1.07039421e-16
 1.43187610e-12 1.43234440e-14 5.41265276e-16 3.25920308e-18
 2.62788372e-15 3.74977833e-16 2.38666681e-19 1.41755299e-19
 1.56711666e-12 7.77681955e-15 1.50150271e-17 1.20565678e-20
 9.75074047e-16 1.81348083e-17 2.57251167e-20 2.31672610e-18
 2.83379637e-17 5.34341364e-16 5.34161186e-19 1.30150900e-20
 3.69773027e-17 6.72031573e-17 1.55160223e-17 5.50763929e-20
 6.83249428e-19 7.74359340e-18 4.25790833e-19 2.99356664e-16
 4.27745286e-15 1.11943808e-16 2.21705497e-17 3.11316287e-15
 2.71598771e-10 1.11738706e-14 7.07585712e-10 7.65704097e-11
 1.62983030e-11 2.05094148e-13 7.62381694e-14 1.53819582e-16
 1.24638251e-15 6.71659232e-19 6.60410540e-15 2.68647428e-19
 1.30905385e-18 1.50367784e-21 1.99782495e-14 2.16545839e-16
 1.26685787e-19 1.41899215e-19 3.61095638e-17 2.91741975e-19
 1.25184066e-19 1.38058938e-21 3.57384459e-18 1.26074547e-18
 1.28151804e-18 2.76891059e-18 1.24683705e-18 6.38778565e-18
 5.52093974e-14 6.85701243e-19 1.56601619e-17 6.36769327e-17
 4.33790255e-17 9.91359569e-15 6.59463324e-17 1.89136369e-16
 3.58498671e-18 5.75154906e-16 4.19039255e-19 3.61265840e-13
 2.75527906e-16 1.13437564e-17 2.22615394e-12 2.85079794e-13
 2.65547370e-16 8.43916544e-18 9.06593119e-14 2.99316858e-15
 1.33151098e-18 1.22339289e-18 2.93479404e-15 1.90234249e-14
 2.28493109e-15 1.81855609e-20 1.73955587e-17 9.14875853e-17
 1.23862223e-17 2.20944058e-16 3.39742950e-14 1.17344412e-14
 1.83598587e-16 2.78535509e-16 8.38134250e-13 7.04416618e-19
 2.23952087e-17 1.18485392e-17 1.34204908e-14 3.61734534e-14
 1.04164075e-17 4.46291848e-13 1.16978328e-11 2.53827378e-15
 1.25063836e-18 2.32797093e-12 2.41500508e-17 4.12177937e-18
 1.50199762e-14 5.32875271e-14 3.53691211e-19 3.46331295e-15
 2.97468219e-08][3.96498223e-14 1.42903245e-10 8.91047819e-07 3.56098484e-11
 3.69124759e-10 1.14679316e-14 2.08281272e-15 1.48295428e-14
 2.26200766e-10 2.21009652e-18 4.07245977e-16 4.61854085e-16
 2.75826861e-11 1.05227079e-13 3.29894393e-18 2.70987160e-18
 8.01052800e-13 1.14602459e-16 9.69531158e-20 7.26288739e-14
 1.04695198e-16 2.50602800e-20 6.08174128e-14 2.29362890e-16
 4.95040105e-15 1.17153629e-19 2.53491434e-17 2.30908001e-12
 1.63826909e-17 3.21915398e-20 1.96372968e-14 3.69583345e-14
 1.22740077e-16 1.46876241e-20 1.07782315e-16 1.91308192e-09
 5.36489031e-09 7.80278969e-16 2.50193909e-13 8.55907023e-01
 3.72558482e-08 6.98999580e-10 6.04206962e-11 1.03064284e-14
 1.51737879e-16 2.91672712e-14 3.40992550e-08 1.56595945e-14
 7.33556499e-13 3.53651587e-15 4.06304459e-14 3.38625781e-18
 6.38112112e-16 1.67486055e-12 1.25926870e-13 8.09502083e-20
 1.54251662e-14 6.29403779e-17 1.05805488e-13 4.70756772e-16
 5.03899371e-16 8.89656746e-15 9.59529426e-15 5.75483459e-19
 7.22034533e-14 4.33074479e-17 5.62622486e-18 1.41808355e-19
 1.03299617e-15 3.59041854e-12 1.03025075e-12 2.07502399e-16
 4.01099154e-15 2.86509126e-17 9.16337590e-14 7.65920479e-15
 2.64218862e-15 1.62984144e-17 1.07159899e-10 3.92465675e-16
 4.74819353e-19 1.36795089e-13 5.84210270e-16 7.49198884e-19
 5.18521765e-18 9.29830418e-15 7.03000413e-09 7.67041053e-13
 1.66544635e-13 1.79027660e-17 3.36084216e-10 6.10486672e-15
 3.08522619e-16 1.87711319e-10 2.41289655e-10 4.16543319e-13
 1.20130138e-11 1.38193849e-14 2.33821495e-09 3.55825279e-20
 3.42066294e-18 3.41558623e-13 8.09482256e-12 2.14556066e-16
 6.16560229e-14 2.33852132e-10 3.63684560e-12 4.67710689e-14
 4.11677968e-20 4.01765481e-14 1.37060155e-17 1.01602862e-12
 1.12602576e-08 1.31970292e-12 1.98051558e-12 7.54831683e-11
 1.44092008e-01][1.72980023e-19 2.38122296e-16 1.89588498e-13 1.43607846e-14
 2.66992002e-14 7.28899591e-16 1.14906903e-19 1.43469101e-17
 1.29506335e-16 1.14426740e-17 5.77103730e-18 6.92927131e-19
 5.03432047e-17 5.19046272e-17 7.10702829e-19 5.48059986e-21
 3.87524100e-20 1.66876812e-21 4.76378270e-24 2.53094345e-16
 1.05070392e-17 2.31803089e-21 5.01293421e-17 3.29108489e-19
 3.84115000e-15 9.17065289e-20 6.97874124e-20 5.13048906e-14
 2.76412990e-18 1.33609904e-20 3.70501575e-17 1.40867535e-18
 1.67181551e-19 4.80134091e-19 2.12420343e-19 1.55497468e-12
 2.82895547e-11 7.96234907e-19 2.93786988e-18 1.00000000e+00
 5.81471049e-08 3.67301953e-11 1.48233021e-12 3.54303479e-16
 8.83252860e-20 5.07696355e-16 2.19027105e-11 3.08946933e-13
 2.74062460e-16 3.47653134e-18 7.81645709e-17 1.58308545e-18
 1.48692796e-17 8.01525347e-19 1.67392398e-16 1.06649451e-22
 1.23753065e-18 5.61407966e-21 1.07121469e-17 6.06281586e-21
 8.91846698e-18 5.28146020e-17 2.61511951e-18 2.47280910e-20
 6.74550435e-19 3.13702276e-19 3.15395489e-18 1.28751314e-22
 3.14251860e-20 1.21779867e-14 2.91279807e-16 2.71270606e-17
 3.87224338e-19 1.19717999e-17 1.09051528e-16 1.60573521e-18
 6.62845095e-18 1.56799917e-19 1.03798467e-15 5.72616761e-19
 1.06617361e-21 6.83935637e-18 1.29966473e-18 1.21957028e-21
 1.05959312e-21 7.35561029e-17 8.90180074e-13 8.66851930e-16
 1.09921985e-15 8.68988970e-20 1.03410201e-18 1.10164640e-22
 1.02938698e-18 1.26996505e-14 2.20380926e-16 1.02351464e-16
 1.03096098e-14 2.13732671e-15 5.23843901e-14 6.31999538e-17
 4.36407256e-19 6.12726185e-15 9.47709166e-17 6.49427506e-17
 5.51042419e-16 9.62392180e-11 1.13218235e-12 1.61484735e-15
 5.68502292e-22 2.31285076e-17 1.37425988e-18 1.81696482e-16
 1.83464245e-15 1.08105214e-14 6.75486223e-16 1.32078324e-15
 1.02340792e-11][3.54106731e-14 1.27462574e-09 4.29832697e-11 6.34176448e-15
 2.28963567e-11 6.11602892e-16 2.83816997e-16 6.78052733e-16
 5.41133944e-14 3.96292769e-17 1.98273625e-14 7.63315056e-17
 8.71947805e-13 6.51162507e-15 4.73131640e-15 4.19059307e-16
 2.04181765e-16 2.67705347e-19 5.46385121e-17 8.60126552e-15
 1.89000240e-15 1.02820172e-19 2.63407765e-15 3.73155960e-15
 1.03516338e-12 2.14181446e-17 4.00901647e-16 7.57929780e-17
 6.61394767e-13 2.10001036e-18 7.34812530e-17 3.43282548e-15
 7.11466933e-15 2.55556749e-16 3.43888071e-15 4.64415750e-09
 2.89997922e-11 6.52686347e-13 9.86990488e-15 3.09159674e-07
 7.56725349e-09 1.09989307e-12 1.43537135e-12 7.63605325e-12
 4.88899896e-14 4.41697268e-16 1.82385429e-05 8.38909150e-12
 1.67237937e-17 2.07280900e-16 4.52488280e-13 4.89815966e-16
 2.13430267e-17 2.80858549e-15 9.25814330e-13 8.54083090e-18
 9.91283386e-17 1.45153538e-19 2.80058583e-13 6.03044644e-17
 2.06642306e-15 8.08488501e-16 1.90836682e-16 5.06291500e-20
 3.05932577e-16 2.34006272e-16 1.79828093e-14 1.00050316e-17
 1.04276352e-15 1.69263039e-15 1.01409853e-12 1.44784361e-16
 2.36724798e-17 1.42609299e-16 1.68863821e-15 3.33766550e-18
 2.01672751e-14 9.43698465e-16 2.09895062e-13 2.81437264e-18
 5.61714134e-15 5.00419340e-14 5.22248904e-14 7.28180987e-21
 1.03797674e-16 6.61931367e-16 5.73885488e-11 1.54758273e-14
 1.09365772e-11 1.10543962e-15 2.98463007e-15 1.13477434e-17
 2.83767069e-13 4.30167249e-15 7.82269648e-13 1.60624689e-15
 8.19727411e-16 5.47284758e-15 3.35475484e-12 2.12243262e-17
 1.30688099e-15 1.19133681e-15 1.05696276e-11 3.48029873e-12
 1.36512356e-16 9.00152522e-11 1.82485944e-13 6.25291615e-12
 1.98462880e-17 4.23508822e-18 2.41006666e-15 2.48167122e-15
 1.09241359e-10 1.30313255e-15 7.50562078e-15 2.52520949e-10
 9.99981403e-01][6.94992651e-17 1.28650398e-11 2.82517824e-13 9.63539144e-13
 1.71182096e-11 1.19625785e-17 2.43459742e-16 2.63918294e-17
 2.03819908e-15 1.26306441e-20 9.36578690e-17 1.04595721e-13
 6.35165477e-14 5.34016533e-19 2.32328771e-15 7.57649795e-15
 1.57699419e-15 1.50892478e-20 4.32270526e-17 1.10520622e-13
 1.16902825e-13 1.36394894e-20 5.25786041e-17 1.79292754e-17
 3.46899697e-16 2.32810670e-21 1.29735775e-16 1.48822334e-15
 1.00178178e-10 6.28288078e-17 5.41442584e-17 3.85429955e-16
 1.35380789e-15 6.11781664e-18 3.01707842e-17 2.36877965e-12
 1.15614265e-13 1.58147912e-19 6.51697606e-19 2.38351353e-12
 1.83505744e-13 4.96297576e-14 1.22954777e-14 1.47117453e-18
 4.80915198e-18 4.79538154e-12 1.00000000e+00 1.92456134e-10
 5.96764887e-17 3.64813388e-12 1.21416976e-09 6.63020630e-15
 2.47566597e-15 2.31051503e-16 1.45714263e-09 2.18772198e-13
 7.18379601e-16 6.94451708e-18 1.68711085e-12 4.63569782e-15
 3.43449319e-19 1.50664308e-14 2.83208113e-15 1.15156094e-20
 1.45829692e-16 1.38532306e-19 1.21241465e-18 7.73330468e-22
 5.52683621e-19 7.81699814e-16 9.27864990e-12 8.21643389e-15
 4.29756592e-17 1.20181640e-15 1.73352188e-16 6.29785085e-18
 2.41182213e-15 2.32965773e-13 9.44724225e-13 4.28590257e-20
 5.03397223e-18 2.61642945e-16 4.22702221e-15 2.28321640e-21
 3.13217101e-17 2.56781341e-14 6.21597297e-14 6.72580018e-18
 1.77021024e-15 1.12572500e-15 1.28534857e-15 1.04134233e-18
 5.73520289e-13 4.98794833e-16 1.15515349e-16 4.23814259e-17
 2.82984417e-16 4.21103480e-14 9.51199952e-11 1.07206962e-16
 1.82454764e-18 1.37539958e-12 2.88083672e-11 5.04290078e-14
 1.91539031e-15 1.87532904e-15 7.17539143e-15 4.39780257e-09
 4.24006906e-16 5.75918091e-19 1.75824709e-12 1.40055868e-13
 1.04449454e-08 8.83483845e-16 1.34255086e-14 5.38197482e-16
 7.13728632e-10][2.08901567e-14 1.08822782e-12 3.87649895e-12 9.04166061e-16
 1.89103832e-13 9.31803409e-17 1.07296923e-17 5.87019806e-18
 5.02310629e-14 7.32316165e-17 2.93973542e-15 2.87514695e-13
 8.24060872e-14 1.85667335e-14 4.43032113e-15 1.83454563e-14
 7.48422801e-16 4.89809365e-19 1.33258466e-16 3.66841049e-16
 7.74721067e-15 3.63128444e-20 2.74780612e-16 5.34045340e-18
 1.07168117e-16 6.31736135e-19 7.38993420e-14 4.59404413e-16
 8.71035744e-11 2.66714873e-16 5.09259534e-17 1.34065892e-19
 1.99841097e-15 2.32579252e-19 6.64042914e-16 2.76870379e-15
 1.06938574e-13 1.69676279e-20 8.85928369e-21 1.21018668e-12
 2.04649096e-13 1.19573049e-14 7.55063897e-17 4.10431676e-18
 2.66258289e-17 2.30728856e-11 9.64791894e-01 3.64431291e-10
 4.74297251e-14 7.18517747e-13 1.43777882e-07 2.80111204e-14
 3.24920416e-14 2.71831317e-15 1.23341726e-09 1.42511288e-13
 1.63669381e-14 1.50522397e-18 2.12825439e-12 1.24020396e-13
 1.24923256e-17 2.60745811e-19 2.64314683e-14 7.15935904e-18
 6.25380100e-18 1.56518526e-18 4.44588982e-18 4.14882905e-20
 1.26960718e-17 7.47878085e-15 8.84297469e-10 4.04016149e-14
 1.07754330e-16 2.50801577e-13 2.60317128e-14 1.43076539e-19
 2.34575478e-16 2.98215906e-15 2.41403014e-16 8.23578406e-18
 5.69661463e-15 6.74034144e-17 1.84624688e-16 9.88902048e-20
 7.59477931e-17 1.96674491e-12 1.25987437e-12 1.69539542e-15
 6.03433895e-15 9.18971356e-18 3.99215735e-13 7.38116475e-16
 1.88315590e-13 4.73353724e-14 6.34219689e-15 3.41966238e-15
 3.93914260e-17 7.65618634e-13 5.98159633e-10 3.51470032e-15
 7.79229146e-15 1.30790984e-12 2.29524973e-14 1.82698312e-13
 1.15725294e-16 6.62284738e-16 2.99735788e-14 4.73713690e-12
 3.87482635e-13 2.94487606e-15 2.67353362e-10 1.04733724e-12
 3.28929911e-10 1.42981974e-14 8.11421175e-14 1.78102186e-10
 3.52080241e-02][1.01582569e-14 3.58553600e-13 5.77823935e-11 2.65294240e-16
 4.35947461e-14 1.69093716e-13 1.08808971e-14 3.15265928e-16
 1.35420185e-13 7.93972771e-14 6.78352816e-15 3.60476497e-16
 7.85774783e-16 8.83431240e-13 3.70852465e-16 1.70178978e-16
 4.26074195e-16 3.08934058e-20 3.68214817e-17 6.26163068e-18
 4.65419659e-15 1.07637786e-21 2.51258072e-15 1.13584719e-18
 5.81169025e-17 5.50848521e-18 1.77607305e-13 8.12900828e-17
 8.76028200e-13 4.67734530e-18 8.47756631e-17 5.26304418e-22
 1.28666263e-16 7.91890373e-21 1.47981023e-16 7.31676655e-17
 1.43539802e-12 8.51650598e-22 5.41871237e-21 3.04687438e-12
 6.37488257e-11 2.44719571e-16 1.40122186e-16 6.02267019e-18
 1.69519488e-15 3.43013053e-13 3.13430100e-08 2.80985169e-13
 3.93808358e-13 1.33232667e-14 1.14210842e-10 3.90257295e-17
 1.07362595e-14 1.33095372e-16 2.08138931e-12 1.22915730e-16
 3.43457725e-16 7.92725335e-19 8.26225583e-16 8.16841527e-19
 5.16645844e-18 1.77486363e-21 3.46833171e-18 1.26647976e-21
 1.66919723e-18 2.02638790e-19 3.24054364e-19 6.49076994e-21
 1.29236396e-16 6.44339551e-16 4.71108083e-11 5.49372559e-13
 1.41508606e-16 4.45480673e-16 5.70796604e-16 5.47147715e-19
 2.67947499e-18 5.45418610e-17 1.96763001e-16 1.13289344e-15
 3.07950009e-15 2.55749604e-17 2.21811128e-18 4.04637446e-19
 2.59654121e-14 7.33964128e-15 2.53838156e-14 2.60236558e-15
 1.40023816e-13 1.28537601e-18 1.30640509e-14 3.33096113e-14
 2.23151901e-12 1.31040920e-16 2.64957438e-16 1.30260711e-12
 2.39920229e-17 5.55191201e-14 6.74496223e-12 4.51318583e-16
 1.29309324e-13 8.07335478e-16 5.40009285e-16 8.30594534e-12
 3.27202342e-17 9.78020240e-17 5.69885827e-13 2.81718987e-15
 1.72633395e-14 1.54554951e-14 4.05292932e-13 2.62731240e-15
 6.14380906e-15 6.45042667e-13 2.69751516e-14 5.14365806e-14
 1.00000000e+00][9.85766674e-16 5.80688413e-16 1.24860738e-11 3.08574103e-17
 4.68322213e-13 7.50771515e-13 3.16717213e-16 1.36797889e-17
 2.01234225e-14 4.97004239e-14 9.95584739e-16 2.06090263e-16
 2.07626749e-15 1.76977411e-12 1.43805531e-17 6.22715588e-20
 5.03437320e-19 2.24355448e-19 5.74123781e-19 1.53630590e-18
 2.58119802e-15 9.10602294e-20 3.05963785e-17 3.25504240e-17
 5.31164600e-17 7.04269184e-18 2.05468657e-15 6.41083007e-18
 3.91858167e-16 8.97128742e-18 4.91805444e-18 3.55898646e-19
 4.83923204e-14 8.97460773e-18 4.67845165e-18 2.54371035e-16
 1.26716489e-15 1.69501848e-17 7.72673288e-21 9.85240772e-15
 5.24983702e-12 1.62622729e-16 3.29106647e-15 4.26749254e-16
 4.43942250e-15 5.70010491e-18 9.31132307e-16 6.33008368e-16
 1.85742943e-16 3.75477371e-16 6.80568580e-16 4.87120330e-20
 1.85896667e-17 1.18852975e-17 3.79619074e-18 6.44015693e-22
 6.90336246e-19 3.31684826e-18 1.14165891e-19 3.64556252e-22
 8.81573631e-19 1.94968668e-20 2.59510505e-18 2.05283027e-22
 4.84805180e-19 3.96979124e-19 2.63923203e-18 5.61361470e-19
 3.16544029e-19 5.69056752e-18 1.78223715e-15 6.43887116e-17
 1.35895997e-17 1.97297941e-18 2.76894647e-15 4.34840411e-18
 9.84381280e-21 1.00282911e-18 5.17814009e-14 4.48004567e-16
 5.88847908e-17 1.54880001e-16 3.95590459e-16 6.52886678e-20
 1.58731394e-16 1.87410341e-18 3.43569438e-14 5.26651470e-16
 9.19491216e-16 1.75097944e-18 9.04749976e-14 4.13015674e-16
 2.66111951e-14 1.74995694e-19 4.13176844e-14 1.13536990e-12
 1.67171893e-20 2.61206995e-17 2.07178635e-14 1.79925945e-16
 3.84883380e-16 3.90893496e-17 1.28548471e-13 5.10435281e-13
 3.16230218e-19 7.45874317e-17 1.34314313e-13 2.50277431e-16
 1.77444164e-16 1.74481938e-17 1.06952481e-16 2.68730570e-18
 1.91677999e-14 4.70523902e-13 2.11662056e-15 5.22343778e-16
 1.00000000e+00][1.7160264e-17 7.3134737e-17 9.5372183e-14 2.6382428e-20 2.4217593e-16
 8.6005354e-16 3.9491330e-17 2.0899047e-21 1.2791743e-17 2.6233039e-17
 1.2941238e-18 4.0081043e-20 4.8532955e-16 8.6704749e-15 7.2091472e-20
 2.0898719e-22 2.6711738e-21 4.5698115e-19 1.5054111e-21 2.0014355e-19
 1.6464963e-15 2.0558370e-17 2.3574422e-17 2.6637423e-16 4.2378311e-19
 1.7954317e-18 1.0189261e-15 7.5736722e-21 8.6063878e-21 2.2201638e-22
 4.8399421e-18 5.4357150e-19 8.3175287e-17 1.6807597e-21 7.6647143e-18
 8.7374558e-20 8.9345646e-20 1.6641601e-20 5.4934254e-23 7.1472939e-19
 3.6685522e-15 8.5635936e-19 4.4376523e-19 2.1077290e-19 1.6580597e-18
 2.9585025e-21 5.9925994e-19 3.0998723e-19 2.1024050e-19 1.0707958e-21
 4.7892468e-20 2.3818972e-22 2.2905532e-21 3.6718243e-17 1.4575549e-19
 1.0945808e-20 4.3923026e-17 2.2200328e-18 6.4111869e-21 2.0919079e-20
 4.2094580e-19 1.7238558e-22 9.8864885e-21 1.8723721e-20 3.0885967e-21
 4.9990026e-21 2.1135110e-18 4.4543005e-22 5.2243186e-22 1.5399094e-17
 8.7817737e-18 3.0402647e-18 6.1358426e-16 6.0333076e-21 7.5137298e-21
 1.6733523e-20 2.6782052e-20 7.4680017e-23 3.6248265e-17 1.8392576e-18
 2.4520768e-21 5.6258554e-19 7.3846167e-19 4.9986977e-21 8.8636580e-18
 1.6476662e-21 2.9340186e-17 3.6558932e-16 1.8720812e-18 7.1582516e-22
 6.2727984e-17 4.7371920e-19 2.4146894e-19 2.6697360e-22 3.2558900e-15
 2.7955194e-17 1.8213270e-19 5.3324215e-22 1.1386770e-16 3.2241598e-17
 2.8019864e-19 5.9759744e-21 3.6042618e-13 1.4555556e-14 2.7626856e-18
 1.3676130e-18 4.7030229e-13 8.5696110e-18 4.9055193e-18 1.2800019e-13
 9.3707182e-17 1.6786718e-20 1.2972835e-16 6.0454476e-14 1.6710873e-13
 3.0120777e-16 1.0000000e+00][1.07983929e-16 1.01164824e-16 5.65304029e-14 5.94076980e-20
 3.62403667e-18 2.43981445e-15 1.55441630e-17 7.42350527e-20
 2.07101068e-19 3.79184887e-18 2.06318749e-20 8.40188714e-22
 1.68714190e-17 2.86563973e-15 5.56958607e-20 3.94286060e-22
 3.44959131e-20 3.72260744e-19 7.46085863e-22 3.16899543e-17
 1.18642396e-16 9.49332855e-19 3.46081516e-16 8.90010977e-19
 1.09768873e-18 5.93119767e-18 1.59558773e-17 1.73241444e-20
 8.31843649e-20 4.95654669e-20 3.21945246e-17 1.55190764e-20
 1.33991317e-18 1.31982230e-21 1.39234887e-18 4.70628339e-19
 3.40293872e-16 2.29485494e-22 2.69451782e-21 4.96766559e-17
 4.93957394e-14 5.02252115e-18 3.33096236e-17 2.75470596e-20
 4.70312728e-18 6.73470228e-20 3.37379152e-16 6.18576303e-15
 2.01858891e-18 8.25796793e-24 7.65264386e-19 1.52919019e-18
 1.63079536e-21 1.43560442e-18 8.77520550e-19 1.19185259e-18
 1.26939819e-18 1.41243054e-19 5.50244906e-21 6.65811650e-21
 7.97370930e-21 1.00802407e-22 1.04376377e-19 2.12765333e-16
 1.46249442e-20 4.83919641e-21 3.01043351e-17 1.03881445e-19
 2.01961014e-21 1.98203278e-17 1.94388205e-17 4.96789535e-16
 4.28221795e-16 5.65526027e-22 2.36412200e-19 5.68606990e-20
 6.67818968e-20 5.35195976e-24 1.88353534e-18 4.05016000e-18
 4.49368840e-23 4.35809557e-21 2.29680155e-20 3.32720780e-22
 2.44595058e-19 1.18681992e-20 2.29529967e-16 4.97886644e-14
 2.12820316e-18 1.16880722e-21 1.25626219e-17 1.18702089e-17
 6.50544473e-21 4.22719857e-23 7.94721516e-17 1.06147353e-15
 7.99437504e-17 1.16908368e-21 4.53512081e-16 1.70711581e-15
 7.12412921e-19 1.15346023e-20 5.32740119e-14 3.20258448e-14
 5.68182885e-17 8.62171428e-18 5.12497857e-12 1.45736041e-19
 2.40393086e-16 4.50378970e-11 4.86880887e-19 1.34947853e-20
 7.41956843e-13 5.60318328e-12 7.97572251e-12 2.17031398e-15
 1.00000000e+00][7.09096961e-19 4.66079407e-20 5.12574461e-18 1.43347351e-21
 1.26949929e-19 6.86050312e-16 1.80693275e-19 1.41947720e-22
 7.51442560e-19 2.02465127e-17 1.94702382e-22 4.19330847e-24
 4.69916426e-18 8.24395134e-19 1.42882213e-21 5.83946692e-25
 1.23657961e-22 2.38656430e-21 3.95003757e-24 1.52334471e-18
 6.52500424e-21 4.39540877e-22 2.15696560e-17 5.58489603e-23
 4.84446274e-20 6.60890232e-20 6.65349552e-21 2.56792047e-22
 7.06864336e-24 2.28878652e-23 3.48139834e-20 5.60074771e-23
 3.80861742e-20 5.12047468e-23 1.15188111e-21 4.89963957e-21
 1.43780224e-18 1.36049703e-22 3.04753906e-22 1.01577663e-19
 1.53212950e-15 1.37224301e-18 1.39229035e-18 1.33691350e-22
 2.74863878e-20 2.40331155e-20 6.68375567e-17 7.21063628e-19
 2.20519444e-18 3.47254614e-23 5.66465820e-20 1.77938040e-19
 1.37619367e-21 1.44505335e-20 1.16885629e-21 5.91374412e-22
 1.48480584e-20 3.20047852e-21 1.16958440e-19 2.30205576e-20
 4.10850836e-21 1.61251846e-25 4.20880946e-22 2.60348356e-18
 1.73607762e-22 5.36158717e-23 5.59948046e-18 1.58182217e-20
 3.87597434e-23 4.28461107e-20 5.54332139e-21 2.49754416e-19
 5.43277420e-18 4.20723850e-21 3.84987047e-19 1.87072823e-22
 3.64524634e-20 5.18683934e-25 5.62999908e-19 3.86153423e-19
 1.00255504e-23 2.87333402e-23 9.43976415e-21 6.11360790e-21
 4.19401856e-21 4.86694463e-22 5.82675991e-18 2.50685307e-17
 3.38588976e-21 8.36462271e-24 4.31066358e-19 2.42436220e-19
 1.10689145e-21 2.97767796e-24 3.66054847e-19 7.39337909e-20
 3.15326781e-19 1.18394335e-21 3.09470184e-16 1.56778536e-17
 2.12954198e-19 8.95560464e-23 5.08078049e-16 2.48089002e-18
 7.27004594e-19 7.80986629e-18 1.80956829e-11 8.73704284e-23
 1.37331131e-18 6.28454401e-14 4.11454662e-21 1.43282848e-21
 4.15707762e-15 9.70825389e-14 1.05882872e-11 9.84756100e-15
 1.00000000e+00][2.12145331e-16 3.73005980e-17 4.23147506e-15 4.07488945e-20
 6.07224240e-19 2.65967202e-15 1.06718438e-18 8.10972235e-22
 6.13464274e-18 2.04230645e-17 4.89554809e-21 1.34590856e-23
 1.99382683e-15 1.25042445e-17 6.97839485e-20 2.19191984e-24
 4.33540990e-22 1.83962771e-20 4.62428716e-23 1.37580799e-17
 7.99333009e-19 1.28331773e-19 6.43400999e-17 1.02428984e-20
 1.00884168e-18 4.80145052e-19 5.41710605e-19 1.98770096e-20
 3.38031265e-22 5.49328151e-22 1.13133265e-18 9.67077614e-21
 9.21065612e-20 2.51979945e-22 2.94626160e-20 1.88013888e-19
 4.00232001e-17 8.34223361e-21 2.43194594e-21 1.13469090e-18
 7.01424595e-14 1.21365081e-17 5.36401440e-18 6.09744435e-21
 1.02329053e-19 8.02673154e-18 1.64587382e-16 7.34400263e-17
 1.49540937e-17 9.82444998e-22 4.36830307e-19 4.44115804e-19
 1.32249337e-21 7.03259444e-19 2.32504836e-18 5.81237441e-18
 8.34850968e-20 6.95713489e-19 3.33071608e-20 2.99550243e-20
 7.65097606e-20 3.15694265e-24 2.93967162e-20 7.25323908e-17
 4.65031368e-21 1.62947704e-21 9.86995526e-19 3.28876155e-20
 2.01188218e-21 1.53247792e-18 6.03126271e-20 1.17534631e-17
 5.49705060e-16 6.70075129e-19 4.50595596e-18 4.79008257e-22
 1.20619156e-18 4.57173767e-23 4.03851206e-18 8.52668955e-20
 1.36490519e-22 4.86570113e-22 3.74055953e-18 2.03458281e-19
 2.08720388e-21 2.26620891e-21 8.44825738e-16 1.48798410e-16
 1.19624741e-19 8.02099511e-21 2.43779325e-17 1.48537950e-18
 1.10781714e-20 1.05930161e-22 3.20820863e-18 9.16373327e-19
 2.26888644e-17 9.87322133e-21 3.63387087e-15 7.17552473e-16
 1.77798357e-18 1.90762591e-21 3.35455625e-15 9.32368208e-18
 8.73903165e-18 1.39762306e-17 5.41143796e-11 2.51970327e-22
 4.76679661e-18 2.22851256e-15 9.50647788e-20 1.53974168e-21
 2.63858302e-14 3.80435483e-13 2.49929244e-12 1.76370745e-13
 1.00000000e+00][2.67787349e-16 6.78101159e-17 1.99370528e-15 1.53145446e-19
 1.32889264e-18 3.23523731e-16 6.12269618e-18 1.57421255e-21
 7.97089271e-18 2.03105555e-18 6.52978516e-21 1.28531884e-23
 1.25322400e-15 4.14200187e-18 5.52291370e-20 6.37162756e-25
 2.00283782e-22 1.19330194e-21 4.18255882e-23 1.10174171e-17
 4.37581067e-18 2.66498691e-20 1.87836289e-17 2.70215551e-21
 1.10439634e-18 5.06712697e-19 7.77819799e-19 1.97032257e-20
 7.93783246e-22 4.08746473e-22 3.79173306e-18 4.88238381e-20
 7.58639910e-20 1.41626988e-22 2.05796126e-19 2.06640212e-19
 2.43427128e-17 1.61033421e-20 7.16347296e-21 1.34380857e-18
 2.37856203e-13 5.88924340e-17 2.02098604e-17 2.61143706e-21
 8.30958760e-20 4.69040648e-18 1.41407161e-16 7.82469184e-17
 5.36516045e-18 7.03459556e-22 4.54328693e-19 1.83468078e-19
 2.97580750e-22 7.82993865e-19 2.47436853e-18 3.29319648e-18
 9.59270435e-20 7.14225171e-19 5.26321033e-20 5.34450344e-20
 1.76183280e-19 6.18837793e-24 1.17208052e-20 3.14397454e-17
 1.18250412e-20 1.81812501e-21 8.26350382e-19 4.34823386e-20
 2.03023121e-21 9.18297969e-19 5.54044928e-20 1.07094503e-17
 1.85180500e-16 5.90230383e-19 1.50846011e-18 1.16531684e-21
 1.28016953e-18 5.08834627e-23 9.45246252e-18 5.99211962e-19
 3.00668440e-22 2.32093178e-22 4.41944362e-18 6.60983846e-19
 7.97811662e-22 2.71312474e-21 3.28078624e-16 9.32699543e-17
 2.81652879e-19 4.34556184e-21 5.48889658e-17 4.47459061e-19
 1.59932076e-20 1.36572295e-22 1.37781882e-18 2.75849302e-19
 3.70975351e-17 5.44317963e-21 2.27942029e-15 8.52384501e-16
 1.43133379e-18 5.51718008e-22 2.68108438e-15 3.31167912e-17
 2.21833131e-18 2.76566990e-18 8.73992545e-12 1.50585908e-21
 6.65102182e-17 4.30121128e-15 2.56919817e-19 1.08902427e-21
 1.16670047e-13 9.73373400e-13 1.90242787e-12 4.16599941e-15
 1.00000000e+00][2.03880460e-16 1.05079665e-16 1.64136033e-15 9.19994542e-20
 6.33749183e-19 2.22144131e-16 4.72162469e-18 8.81864905e-22
 9.61759341e-18 1.11027201e-18 6.92588149e-21 4.91942811e-24
 7.27138822e-16 5.22851601e-18 3.76351346e-20 1.38845078e-25
 2.90169900e-22 2.15099594e-21 2.24688175e-23 5.09006748e-18
 2.14952271e-18 2.14165494e-20 1.77014087e-17 1.07206687e-21
 3.84158186e-19 2.43128053e-19 1.35215937e-18 9.67059197e-21
 1.92740474e-21 8.50984875e-22 1.38799501e-18 1.83096736e-20
 9.33477651e-20 2.56600120e-22 1.05969527e-19 1.19675405e-19
 9.93550126e-18 1.95622770e-20 3.49879708e-21 8.85729904e-19
 1.72975932e-13 4.87096884e-17 1.62163614e-17 1.19700406e-21
 6.42186192e-20 2.35128902e-18 1.06736461e-16 5.48674029e-17
 5.71072591e-18 2.59860652e-22 3.83898865e-19 8.10407070e-20
 3.00866930e-22 4.44773620e-19 3.32618651e-18 2.23867417e-18
 9.07162903e-20 1.74272893e-19 5.44417903e-20 7.69675986e-20
 9.62896330e-20 2.42665073e-24 7.15544349e-21 2.96459778e-17
 4.73792818e-21 4.00917060e-22 1.65925555e-18 4.93995461e-20
 5.65137832e-22 2.22725876e-19 5.16070197e-20 2.07669285e-17
 5.21443640e-17 1.26765067e-19 9.76583907e-19 9.29284205e-22
 4.41376337e-19 2.37712142e-23 5.02553002e-18 5.72022897e-19
 3.28091390e-22 4.93183185e-23 2.62066204e-18 5.91445253e-19
 2.61160518e-22 1.45230307e-21 3.43502274e-16 3.81288275e-17
 1.51193895e-19 1.93155619e-21 3.45357303e-17 1.51892229e-19
 1.39628346e-20 6.67825598e-23 1.35911482e-18 1.40224640e-19
 1.44405816e-17 3.43779292e-21 1.83906396e-15 5.91656008e-16
 2.02892598e-18 3.76086900e-22 3.21431406e-15 1.40393378e-17
 7.98220813e-19 1.71005922e-18 1.17691568e-11 1.92749319e-21
 3.57072595e-17 3.79790558e-15 4.87522107e-19 7.56038990e-22
 3.09952530e-14 4.21443587e-13 8.69627070e-13 5.58468431e-15
 1.00000000e+00][2.27240437e-16 3.63158256e-16 1.94444777e-15 5.51230511e-20
 6.20889471e-19 1.82431283e-16 4.69221387e-18 1.20449311e-21
 3.31676132e-17 8.53424365e-19 1.14181516e-20 4.70621794e-24
 7.84118940e-16 1.00400858e-17 6.10584985e-20 1.19393248e-25
 4.36088720e-22 3.29901297e-21 2.75144618e-23 5.31855710e-18
 3.18303566e-18 4.86533484e-20 1.50411694e-17 8.64290346e-22
 6.09838079e-19 3.76252511e-19 1.48978878e-18 4.06327677e-21
 6.13669302e-21 1.31374436e-21 1.20175033e-18 1.91301220e-20
 1.26350365e-19 2.14093391e-22 9.77481656e-20 2.45701361e-19
 1.06441212e-17 4.69883663e-20 6.31586123e-21 9.47740739e-19
 1.57370861e-13 1.07577711e-16 2.56770163e-17 1.93274284e-21
 1.37981158e-19 9.73923901e-19 7.26262460e-17 7.05606106e-17
 4.34634774e-18 1.00950177e-22 4.62345004e-19 1.06358715e-19
 2.67097877e-22 2.19658768e-19 6.03566479e-18 2.16541491e-18
 4.48684381e-20 5.21564195e-20 9.53429700e-20 5.76643244e-20
 3.83753708e-20 3.33975505e-24 1.22381178e-20 2.37023790e-17
 5.19197683e-21 6.91054472e-22 2.02316797e-18 2.65818432e-20
 7.23788034e-22 1.05415148e-19 1.03343112e-19 2.01088897e-17
 2.72474683e-17 7.70995403e-20 8.36126209e-19 8.60418390e-22
 4.12124258e-19 2.20154954e-23 7.20090915e-18 3.82171789e-19
 4.57358884e-22 3.66664821e-23 2.25271473e-18 4.79994918e-19
 2.40663918e-22 2.22435268e-21 5.95226040e-16 4.92517266e-17
 1.46104537e-19 3.31406075e-21 3.84739305e-17 9.17103805e-20
 1.99880990e-20 3.98942705e-23 1.36602271e-18 1.98639811e-19
 7.95971088e-18 3.71997743e-21 2.86141240e-15 7.76492890e-16
 1.98850683e-18 5.42044630e-22 5.00100153e-15 1.46482486e-17
 5.66176643e-19 2.42073165e-18 1.30789555e-11 2.39621581e-21
 4.58829707e-17 1.77134505e-15 5.85581370e-19 4.89091641e-22
 1.79638070e-14 3.78940016e-13 3.63352821e-13 1.85075818e-14
 1.00000000e+00][2.44231812e-16 8.83756855e-16 1.50007873e-15 2.16068462e-20
 7.48358779e-19 6.31033524e-17 4.80050050e-18 1.58317361e-21
 5.25776015e-17 6.75541863e-19 1.77494574e-20 1.83347269e-24
 4.84048254e-16 1.24938021e-17 3.02050558e-20 7.60660237e-26
 3.91522270e-22 4.60213606e-21 3.30842395e-23 2.88713041e-18
 4.77720916e-18 3.76960584e-20 8.45934286e-18 2.87083750e-22
 9.52906586e-19 5.56107580e-19 8.40433649e-19 1.54822896e-21
 8.26154149e-21 5.48607750e-22 5.95479465e-19 9.76415304e-21
 1.10397877e-19 7.70500262e-23 6.18239766e-20 4.27287771e-19
 8.87516159e-18 6.84287230e-20 5.35149829e-21 6.89359915e-19
 8.94890105e-14 1.30661555e-16 1.90281121e-17 2.00840866e-21
 1.50927659e-19 2.88777877e-19 3.93318128e-17 4.13006019e-17
 2.20964902e-18 6.09051043e-23 3.55114789e-19 4.99003135e-20
 1.73590546e-22 9.73470218e-20 5.98474396e-18 7.58348019e-19
 1.41762262e-20 2.48899228e-20 8.69284041e-20 3.97767149e-20
 1.99462811e-20 3.20713432e-24 1.75135171e-20 1.62003472e-17
 2.32544401e-21 4.31332179e-22 2.34893114e-18 3.08096118e-20
 5.71348149e-22 5.53103105e-20 1.86827065e-19 7.11031302e-18
 9.79240480e-18 5.02376157e-20 6.33413244e-19 1.06170510e-21
 3.69748648e-19 1.37568302e-23 6.69007839e-18 2.47356523e-19
 5.64418290e-22 2.70459699e-23 8.82737992e-19 4.61738680e-19
 1.53559967e-22 1.66765448e-21 6.72293438e-16 6.47139988e-17
 1.00231614e-19 3.29065473e-21 2.91129691e-17 4.73117584e-20
 1.50252027e-20 2.75839289e-23 1.31382648e-18 2.36385161e-19
 2.97861866e-18 3.21016255e-21 3.64848304e-15 5.30937986e-16
 1.82979610e-18 3.40951615e-22 4.73200038e-15 1.22148636e-17
 2.95899075e-19 1.36726348e-18 8.60490065e-12 1.93883502e-21
 6.00498582e-17 1.10257951e-15 4.46361134e-19 3.16238181e-22
 1.68133973e-14 2.99251509e-13 1.92309425e-13 1.10307229e-14
 1.00000000e+00][2.91863757e-16 8.77525233e-16 1.46916340e-15 3.77781141e-20
 1.22355626e-18 7.11734522e-17 8.79689459e-18 2.31390508e-21
 6.91636415e-17 4.93762099e-19 4.18176764e-20 2.30031288e-24
 7.30725900e-16 2.04940052e-17 2.99317243e-20 1.40101228e-25
 7.42327149e-22 2.81355125e-21 6.96508644e-23 4.28860557e-18
 4.08086701e-18 5.79994295e-20 1.31246969e-17 5.64892162e-22
 1.63943051e-18 7.13215080e-19 1.80067210e-18 2.22116453e-21
 8.91556267e-21 6.25512424e-22 4.49745337e-19 1.53001724e-20
 1.32122910e-19 1.84835525e-22 6.80715231e-20 7.62856877e-19
 9.84784658e-18 1.09698483e-19 6.25245549e-21 1.55459332e-18
 1.33283819e-13 1.80295582e-16 2.49627971e-17 2.60675913e-21
 8.63003026e-20 4.30675179e-19 3.29808855e-17 2.03835253e-17
 6.30857483e-18 1.30506737e-22 3.73633657e-19 4.18374609e-20
 3.85752352e-22 2.16849714e-19 6.02271610e-18 1.33323906e-18
 2.50895399e-20 5.32549509e-20 1.21668588e-19 6.49087205e-20
 4.58400393e-20 4.10374002e-24 2.88084551e-20 3.17475493e-17
 2.72906877e-21 4.36614745e-22 3.63114959e-18 3.61068926e-20
 6.94741747e-22 9.37267043e-20 2.95869736e-19 6.87978440e-18
 1.50385290e-17 7.41925886e-20 5.40649488e-19 8.11377596e-22
 5.65895919e-19 2.15861358e-23 1.03952499e-17 2.80017000e-19
 7.04028747e-22 6.63063465e-23 4.84313473e-19 1.03742893e-18
 2.71996287e-22 2.49360987e-21 2.42731796e-16 7.49968530e-17
 1.81151546e-19 4.27900652e-21 2.43782104e-17 3.60000279e-20
 2.02298069e-20 4.09386056e-23 1.26711466e-18 3.30976858e-19
 5.08498280e-18 4.99296154e-21 3.95361353e-15 5.48971582e-16
 2.82082031e-18 5.20395106e-22 5.41023999e-15 2.78400473e-17
 7.58996321e-19 9.15391567e-19 8.17382100e-12 2.13165292e-21
 6.67766497e-17 1.03850347e-15 4.13983553e-19 7.62532792e-22
 1.36485875e-14 5.91843144e-13 4.37186745e-13 1.03162192e-14
 1.00000000e+00][4.15736079e-16 2.77563935e-16 4.92827592e-16 5.52160766e-20
 1.54158952e-18 4.54306651e-17 1.02345552e-17 1.09852954e-20
 5.62845850e-17 5.54021948e-19 2.94118607e-20 3.88088445e-24
 2.47747846e-16 3.97811770e-17 1.71620041e-20 8.48273595e-26
 5.76099591e-22 1.50288065e-21 8.77471884e-23 2.19931381e-18
 1.66569877e-18 1.07923587e-20 9.39645081e-18 6.38579899e-22
 5.78132453e-19 5.27440809e-19 1.28568993e-18 5.82619242e-22
 7.72384501e-21 2.38208806e-22 1.90428338e-19 5.45969133e-21
 3.59169027e-20 7.59591389e-23 5.33900140e-20 1.60181964e-18
 1.15338276e-17 1.67221101e-19 1.12515546e-20 1.56009448e-18
 6.11481962e-14 1.19872513e-16 1.32820408e-17 8.25023097e-22
 2.12819290e-20 2.90997280e-19 2.51207026e-17 2.27125052e-17
 7.05422687e-18 1.83333471e-22 3.35913394e-19 8.97340069e-20
 4.10257047e-22 9.31528284e-20 4.51650499e-18 8.09817264e-19
 6.82998589e-21 3.13259663e-20 5.92563136e-19 2.50793148e-19
 1.13763264e-20 9.78483188e-24 1.27866985e-20 1.20397644e-17
 3.06266772e-21 1.76402344e-21 3.66657360e-18 3.85188091e-20
 1.07599598e-21 6.09003196e-20 2.12790972e-19 5.30498141e-18
 1.03384623e-17 1.37797058e-19 2.00354389e-19 8.32004655e-22
 1.14250476e-18 1.15887887e-23 5.00265393e-18 1.28006563e-20
 7.25524033e-22 9.85214254e-23 2.19233520e-19 7.42138587e-19
 2.79309267e-22 1.54497810e-21 5.92669946e-17 9.11910212e-18
 1.11253543e-19 3.07540541e-21 3.76951069e-17 1.30407342e-20
 1.10266924e-20 1.46742675e-23 2.92794433e-19 2.47021774e-19
 3.28497823e-18 3.82627983e-21 2.09499581e-15 6.22555346e-16
 2.95414259e-18 4.27536559e-22 4.52701671e-15 1.03562632e-17
 1.02307642e-18 7.36781869e-19 2.31405693e-12 1.96558450e-21
 1.33834620e-16 1.85680607e-16 7.34825484e-19 1.85452904e-21
 2.18393427e-15 8.43867185e-13 1.25200740e-12 8.63222542e-15
 1.00000000e+00][1.8242093e-15 6.1295698e-17 9.0022238e-15 2.3637716e-18 4.7512974e-16
 1.3656073e-16 3.8720002e-15 1.7287324e-18 1.5392296e-15 1.3358004e-17
 7.0485781e-18 1.1157213e-22 2.4416021e-15 4.2998658e-15 6.0169950e-19
 4.7035459e-23 1.3417276e-20 2.1281360e-20 3.4718493e-20 1.0084656e-16
 3.1743311e-17 1.5426535e-19 1.4073341e-16 5.6445140e-19 2.5549523e-16
 1.1151114e-17 7.9819201e-15 6.5255519e-21 1.9082092e-20 6.1679715e-23
 2.5236234e-18 1.0294998e-20 2.9537161e-17 4.6541269e-22 8.5342437e-19
 4.9817821e-18 2.4056083e-17 3.1126916e-20 2.2920302e-21 5.0834120e-18
 3.8892278e-13 3.1315738e-17 3.3393467e-17 1.7465339e-21 2.8244893e-20
 1.7118485e-17 2.4482227e-16 1.8093773e-16 5.5780203e-15 4.7722707e-19
 6.5574996e-19 7.4028413e-18 2.4863947e-18 7.6079063e-19 5.6227900e-18
 3.5632793e-19 3.3000738e-19 2.8379384e-18 2.6410160e-17 2.1395994e-18
 2.3493524e-18 5.6993542e-22 2.6248141e-18 1.2313818e-16 1.2197197e-20
 6.2382292e-22 2.0282614e-17 1.2140761e-18 1.6475855e-20 7.2478417e-18
 2.2287058e-17 1.8078901e-20 1.0154998e-15 1.3046433e-16 8.3639101e-19
 6.0278985e-22 3.7846395e-17 2.3250283e-20 1.7549409e-15 2.8918136e-19
 3.5361160e-19 2.4147987e-20 3.2628711e-19 4.5061429e-19 1.2898507e-18
 2.0197971e-19 5.9038445e-16 3.9374487e-15 4.8916541e-18 5.0196453e-19
 6.9524458e-17 4.3318437e-20 1.2759474e-18 5.9293558e-21 7.9227493e-19
 2.6025503e-18 1.2556884e-15 2.1080587e-19 9.4292843e-15 2.4016026e-16
 1.3944711e-16 2.0794654e-19 3.6945422e-14 2.4821976e-17 2.4079598e-16
 2.3787148e-18 2.7776683e-12 2.8233258e-20 6.3861107e-16 1.2192071e-14
 7.2255641e-18 5.8992007e-18 4.3805793e-14 1.1276995e-12 2.2706978e-08
 1.0760024e-13 1.0000000e+00][4.43505990e-13 5.34543435e-15 8.74947792e-13 7.29729387e-14
 2.26257069e-15 5.71965760e-13 1.07123692e-10 3.68844495e-14
 1.82123874e-13 7.75388868e-12 1.28526348e-14 2.11981807e-17
 1.37861435e-12 3.36401507e-14 3.83529539e-14 6.04786289e-16
 5.35573639e-17 2.18850545e-14 2.09429777e-14 1.18065410e-12
 2.49698350e-14 1.57291335e-13 1.16248622e-10 5.16074711e-14
 5.78947994e-15 4.52104784e-14 8.67102612e-10 1.08028532e-14
 6.88159653e-14 5.45927049e-15 4.64538110e-15 4.56495503e-17
 5.32438405e-14 1.76604364e-13 3.70545601e-16 2.95082158e-17
 2.52359729e-16 2.21216352e-17 9.11332023e-20 2.59473907e-14
 2.74460843e-10 4.54959184e-15 2.43784332e-14 1.49603687e-17
 1.93863073e-18 1.72525032e-11 3.92819067e-12 1.32764078e-11
 4.09114209e-09 8.88200375e-14 1.28774731e-13 1.44376438e-12
 9.12844106e-12 2.75320836e-13 2.03811475e-14 7.57235962e-13
 1.20534034e-11 9.24162006e-14 1.87523890e-12 1.51353336e-13
 5.10579643e-12 7.91454086e-17 5.41412415e-14 1.27684295e-11
 8.16418662e-17 1.57698741e-16 6.37646836e-13 5.12414953e-15
 1.02943074e-17 5.97119359e-12 3.43512450e-14 5.35786259e-13
 1.09392528e-09 8.76064954e-13 2.72369628e-14 8.76518672e-15
 4.99698546e-12 2.93946479e-16 3.98286525e-12 9.45114755e-14
 5.60269392e-15 7.46799992e-16 3.18713352e-16 7.02872344e-14
 5.52660305e-12 1.47570144e-15 2.61350423e-14 1.11150650e-12
 1.70357868e-13 9.25229064e-14 1.90381518e-15 4.53247264e-17
 2.46440272e-14 8.27751615e-18 2.55611101e-17 4.57286817e-17
 8.79833567e-11 3.31999116e-16 1.55280438e-13 2.59241812e-11
 3.07243510e-12 1.21699363e-13 2.10638290e-15 8.17725878e-14
 2.64144973e-09 4.49274481e-16 6.64336586e-09 2.10234984e-18
 2.06978786e-14 2.41003495e-10 4.70331646e-14 7.56183102e-11
 2.76709103e-13 3.06232262e-10 1.00000000e+00 2.21633024e-11
 6.00506103e-11]